[version]
appversion=0.17.0.11800
srcversion=0.17.0.11803


